100
1.0051 0.103
1.0118 0.206
1.0184 0.312
1.025 0.418
1.0317 0.526
1.0385 0.635
1.0453 0.746
1.0522 0.858
1.0591 0.972
1.0661 1.087
1.0731 1.203
1.0802 1.321
1.0874 1.442
1.0947 1.563
1.102 1.685
1.1094 1.81
1.1168 1.936
1.1243 2.063
1.1318 2.192
1.1394 2.324
1.1471 2.456
1.1548 2.591
1.1626 2.726
1.1704 2.864
1.1783 3.004
1.1862 3.144
1.1942 3.287
1.2023 3.432
1.2104 3.579
1.2185 3.728
1.2267 3.878
1.2349 4.029
1.2432 4.183
1.2515 4.338
1.2599 4.496
1.2684 4.656
1.2769 4.818
1.2855 4.981
1.2941 5.146
1.3028 5.313
1.3116 5.483
1.3205 5.655
1.3294 5.828
1.3384 6.004
1.3476 6.183
1.3569 6.364
1.3663 6.548
1.3758 6.734
1.3854 6.921
1.3951 7.113
1.4049 7.306
1.4148 7.501
1.4248 7.699
1.435 7.901
1.4453 8.105
1.4557 8.312
1.4662 8.521
1.4768 8.733
1.4875 8.948
1.4983 9.166
1.5091 9.386
1.52 9.609
1.531 9.834
1.5421 10.06
1.5533 10.3
1.5646 10.53
1.576 10.77
1.5874 11
1.5989 11.25
1.6105 11.49
1.6221 11.75
1.6338 11.99
1.6456 12.25
1.6574 12.5
1.6692 12.77
1.681 13.03
1.6927 13.29
1.7043 13.55
1.7158 13.82
1.7272 14.09
1.7383 14.36
1.7491 14.62
1.7594 14.89
1.7693 15.15
1.7786 15.42
1.7872 15.67
1.7951 15.93
1.8022 16.17
1.8087 16.42
1.8144 16.65
1.8195 16.88
1.824 17.11
1.8279 17.33
1.8312 17.55
1.8337 17.76
1.8355 17.97
1.8364 18.16
1.8361 18.34
1.8342 18.52
1.8305 18.67
